colsample_bytree: 0.5026217174066114
learning_rate: 0.009356195893310475
max_depth: 10
min_child_weight: 4
reg_lambda: 0.05395604597933246
subsample: 0.9582558866678136
